help1 0 0 480 200
help2 480 0 480 200
create1 0 200 480 200
create2 480 200 480 200
visit1 0 400 480 200
visit2 480 400 480 200
about1 0 600 480 200
about2 480 600 480 200
options1 0 800 480 200
options2 480 800 480 200
back1 0 1000 120 120
back2 120 1000 120 120
srb1 240 1000 120 120
srb2 360 1000 120 120
eng1 0 1120 120 120
eng2 120 1120 120 120
soundon1 960 0 120 120
soundon2 960 120 120 120
soundoff1 960 240 120 120
soundoff2 960 360 120 120
musicon1 960 480 120 120
musicon2 960 600 120 120
musicoff1 960 720 120 120
musicoff2 960 840 120 120